format long
fzero('x^6-4.6*x^5-1.12*x^4+22.08*x^3-0.8*x^2-30.56*x-14.08', [1,3])

ans =

   2.199999999999996

diary off
