H = hilb(4)

H =

    1.0000    0.5000    0.3333    0.2500
    0.5000    0.3333    0.2500    0.2000
    0.3333    0.2500    0.2000    0.1667
    0.2500    0.2000    0.1667    0.1429

b = H * [1 1 1 1]'

b =

    2.0833
    1.2833
    0.9500
    0.7595

x = inv(H) * b

x =

    1.0000
    1.0000
    1.0000
    1.0000

H4 = chop(H, 4)

H4 =

    1.0000    0.5000    0.3333    0.2500
    0.5000    0.3333    0.2500    0.2000
    0.3333    0.2500    0.2000    0.1667
    0.2500    0.2000    0.1667    0.1429

b4 = (round(b * 10000))/10000

b4 =

    2.0833
    1.2833
    0.9500
    0.7595

b4 = (round(H * 10000))/10000

b4 =

    1.0000    0.5000    0.3333    0.2500
    0.5000    0.3333    0.2500    0.2000
    0.3333    0.2500    0.2000    0.1667
    0.2500    0.2000    0.1667    0.1429

x4 = inv(H4) * b4

x4 =

    1.0000    0.0000   -0.0000   -0.0000
    0.0000    1.0000   -0.0000    0.0000
   -0.0000    0.0000    1.0000   -0.0000
    0.0000         0    0.0000    1.0000

H = hilb(4)

H =

   1.000000000000000   0.500000000000000   0.333333333333333   0.250000000000000
   0.500000000000000   0.333333333333333   0.250000000000000   0.200000000000000
   0.333333333333333   0.250000000000000   0.200000000000000   0.166666666666667
   0.250000000000000   0.200000000000000   0.166666666666667   0.142857142857143

b = H * [1 1 1 1]'

b =

   2.083333333333333
   1.283333333333333
   0.950000000000000
   0.759523809523809

x = inv(H) * b

x =

   0.999999999999957
   1.000000000000000
   0.999999999999091
   1.000000000000455

H4 = chop(H, 4)

H4 =

   1.000000000000000   0.500000000000000   0.333300000000000   0.250000000000000
   0.500000000000000   0.333300000000000   0.250000000000000   0.200000000000000
   0.333300000000000   0.250000000000000   0.200000000000000   0.166700000000000
   0.250000000000000   0.200000000000000   0.166700000000000   0.142900000000000

b4 = (round(H * 10000))/10000

b4 =

   1.000000000000000   0.500000000000000   0.333300000000000   0.250000000000000
   0.500000000000000   0.333300000000000   0.250000000000000   0.200000000000000
   0.333300000000000   0.250000000000000   0.200000000000000   0.166700000000000
   0.250000000000000   0.200000000000000   0.166700000000000   0.142900000000000

x4 = inv(H4) * b4

x4 =

   0.999999999999986   0.000000000000007  -0.000000000000004  -0.000000000000011
   0.000000000000227   0.999999999999886  -0.000000000000057   0.000000000000114
  -0.000000000000455   0.000000000000227   1.000000000000114  -0.000000000000227
   0.000000000000455                   0   0.000000000000114   1.000000000000171

