2.

>> A = [1 1 1 0;
4 2 1 -4;
2 1 0 0;
4 1 0 -4];
>> A

A =

     1     1     1     0
     4     2     1    -4
     2     1     0     0
     4     1     0    -4

>> b = [3;-1;3;0]

b =

     3
    -1
     3
     0

>> A\b

ans =

    4.0000
   -5.0000
    4.0000
    2.7500
    
3.

>> A

A =

    1.0000         0         0         0         0         0         0         0
         0         0         0         0    1.0000         0         0         0
         0         0         0         0    1.0000    0.5000    0.2500    0.1250
    1.0000    0.5000    0.2500    0.1250   -1.0000         0         0         0
         0   -1.0000   -1.0000         0         0    1.0000         0         0
         0         0   -2.0000         0         0         0    2.0000         0
         0         0    2.0000         0         0         0         0         0
         0         0         0         0         0         0    2.0000   -3.0000

>> b

b =

         0
    0.2500
    1.0000
         0
   -0.7500
   -3.0000
         0
         0

>> A\b

ans =

         0
    3.2500
         0
  -11.0000
    0.2500
    2.5000
   -1.5000
   -1.0000
   
4.
a)

>> format short
>> X = [0;1;3;4]      

X =

     0
     1
     3
     4

>> Y = [-2;1;0;6;2;-4]

Y =

    -2
     1
     0
     6
     2
    -4

>> pp = spline(X, Y)  

pp = 

      form: 'pp'
    breaks: [0 1 3 4]
     coefs: [3x4 double]
    pieces: 3
     order: 4
       dim: 1

>> [b, c] = unmkpp(pp)

b =

     0     1     3     4


c =

    1.4000   -0.4000   -2.0000    1.0000
   -1.5000    3.8000    1.4000         0
    2.6000   -5.2000   -1.4000    6.0000

b)
>> spline(X, Y, 0.5)

ans =

    0.0750

>> spline(X, Y, 1)  

ans =

     0

>> spline(X, Y, 3)

ans =

     6

>> spline(X, Y, 3.5)

ans =

    4.3250